64 64
238 383 -495 -44 -755 665 -237 27 -145 71 -81 963 789 138 -1016 788 -180 -401 732 -121 34 963 -468 -111 248 -357 442 -689 -278 -753 -643 -98 251 -666 501 258 722 -325 -489 505 -445 -649 88 486 730 -275 -154 -255 -845 217 454 320 366 -503 -500 91 -137 656 -7 478 -396 -29 0 
-105 381 303 435 934 -511 1124 124 -708 614 490 -641 -310 -14 1124 173 103 310 278 -1 140 75 -365 -787 -227 1220 151 -264 285 -475 576 -657 -299 217 -502 -307 -585 13 421 -1183 871 1167 -327 310 313 -250 179 640 -270 115 -698 1000 -838 308 -428 312 500 -856 108 306 -101 -144 -2 
-128 -757 -343 357 -919 -44 -662 500 207 706 248 555 419 1022 -1116 525 -152 -259 -717 579 716 -469 -493 1166 -32 -986 14 -102 6 -512 -1266 883 -184 -60 697 -74 700 -642 558 1523 -377 -651 -85 -7 673 339 -586 205 -691 113 652 -622 267 -197 235 332 -242 81 -296 -396 -144 0 0 
-23 98 -224 106 -54 103 -228 -442 714 1090 7 -301 583 239 308 -1060 120 490 -540 282 -231 -987 -393 890 215 -67 -568 -349 115 174 -517 892 581 363 -254 -452 -722 -214 -3 557 287 41 50 -1290 395 279 298 153 6 -362 -236 -267 -529 588 148 -769 323 -1052 -648 -973 354 30 0 
625 255 -190 380 -82 -115 -601 350 1078 694 -350 -8 -377 -311 186 4 -277 810 168 600 -574 -511 112 710 608 282 -310 534 340 874 730 772 -441 -465 -114 -431 -48 320 75 127 412 -159 -634 -1347 270 366 516 -163 240 -240 109 -161 299 591 748 -40 -292 -69 694 46 398 172 2 
-8 448 -530 285 717 259 581 797 223 349 434 -968 -549 -112 61 508 -377 363 408 -102 173 170 585 -684 -154 460 -123 396 -377 -132 1170 -147 -795 -672 284 56 101 922 -414 -490 1608 922 -567 833 120 -198 444 -284 61 45 265 575 -333 197 -261 356 -582 -252 576 541 36 -205 5 
425 -202 306 988 -379 561 175 170 -1263 -28 316 -48 270 -456 259 -73 -257 -813 7 -95 734 318 -648 -337 -468 -135 441 -318 358 -282 46 -53 196 268 442 -13 24 -220 450 -68 -574 -486 426 515 873 -393 -131 -231 -699 323 28 383 -634 -624 19 642 1004 346 -290 78 27 152 213 
502 -582 509 -657 -588 -164 -208 -949 -574 -1362 -725 383 341 -559 -452 111 -284 -881 -475 -95 368 572 184 -351 -190 138 493 638 84 212 -235 484 146 -27 -159 236 309 -415 215 193 -169 -764 46 -183 -940 65 72 139 559 651 206 -952 524 -803 -6 -175 330 1667 -707 360 -177 141 17 
403 62 -199 469 -659 560 331 373 -785 176 -600 585 115 -201 -179 5 -685 292 623 67 -496 585 -810 -335 932 720 334 -205 313 -647 -29 554 -76 -58 611 -769 352 -1402 51 48 -57 -377 -822 -665 714 -181 813 412 -853 404 -24 730 308 -389 -294 734 296 721 -126 589 571 73 212 
26 115 380 162 219 -785 -81 51 922 -1060 -499 -350 -397 -1053 1173 -85 456 152 144 137 195 -309 46 314 -459 -174 -507 -517 78 1038 407 -257 -543 395 -412 -29 -793 882 431 -743 -700 84 443 -965 -100 -350 45 -724 717 -69 -271 -377 599 258 521 71 -191 141 1059 390 234 62 -25 
285 -298 109 403 136 106 -315 -146 261 1192 279 118 719 -699 -749 577 -262 -183 342 248 -34 550 -365 -214 -246 -354 421 968 456 -317 259 902 13 -879 -175 -142 1307 416 -343 1071 351 -333 -547 158 -37 228 -151 -344 -261 81 376 -777 -562 -171 75 72 -85 1048 71 59 -287 187 25 
467 310 -301 891 -995 443 -46 931 -189 115 400 -256 144 -139 430 773 -68 658 527 -55 579 362 -435 296 -282 -153 -148 -460 458 314 -50 -913 -524 58 -24 285 -333 235 694 -873 19 -634 -253 -703 1096 -344 -224 -340 -645 -62 174 214 261 94 248 272 755 -245 951 141 482 139 187 
337 -545 -133 -148 -516 271 -626 192 13 120 -566 -641 330 609 -241 -304 -385 -88 -643 100 555 -578 759 -71 37 281 -526 1428 366 714 165 462 -40 -247 -310 -269 4 627 511 -131 1035 -371 145 -288 -495 703 -552 141 1349 224 485 -402 -313 -88 811 -574 590 115 -123 -586 454 123 419 
125 -164 -238 498 256 -1168 429 548 -254 1211 -35 132 277 -168 199 646 -356 -221 147 365 1220 -36 -378 -748 -708 389 592 -7 -383 -665 -91 351 -960 -454 564 -350 523 282 190 751 1275 1090 384 354 641 -268 -417 -328 61 602 533 829 -626 -522 141 502 -408 314 344 356 -18 -98 133 
545 379 525 -149 199 -370 -31 136 1 652 186 628 -299 310 -197 1314 -482 -271 230 775 -29 47 -580 231 -189 1386 445 458 527 43 315 -431 121 -970 -322 -731 149 131 -44 -317 -156 257 -951 952 240 22 111 814 -592 226 -933 375 4 -138 189 656 205 540 -123 1037 -971 35 -192 
114 -728 607 -104 269 -329 26 318 -589 -433 239 56 -504 -791 172 940 669 109 -210 163 -206 -3 -386 90 -904 108 275 445 565 270 -33 310 166 410 -354 319 401 -613 -179 27 105 -320 -466 121 -219 366 -221 778 -275 87 -314 -834 -388 -140 525 23 422 809 -7 423 -142 289 -187 
-364 -712 198 -33 -145 160 -99 -100 -219 -341 159 -875 50 -193 -13 -591 718 -268 60 -317 186 -192 -575 953 -195 -584 -232 -132 -446 -69 -1064 589 486 530 -63 -619 459 -888 -206 610 -398 -795 -456 -448 416 420 -225 716 -359 -310 266 -1360 -716 -101 -398 -79 115 418 -817 -379 -83 153 77 
-918 -115 161 -629 700 -71 280 -632 605 -526 139 359 -943 -378 -231 -854 576 -461 -534 -59 -636 -403 592 -537 -1168 25 -277 424 64 407 725 -133 829 -226 102 490 -484 601 -717 24 -627 184 200 179 -1011 99 93 -358 442 -734 -239 -450 -124 373 624 -582 -134 -328 92 -279 -431 -91 -196 
997 -516 570 607 -43 -135 82 656 -1096 398 -210 -120 645 -1 1040 -43 -580 74 68 -602 665 506 -453 -294 54 689 1182 85 509 -607 -444 -283 -183 221 -346 -1019 243 -679 444 -29 235 -201 -474 -347 -81 -230 -53 148 90 5 -58 361 -456 -117 -141 936 713 457 -580 -9 577 173 419 
-238 -455 -278 -788 -184 -815 -395 -297 543 338 133 244 -141 479 -531 -286 141 753 -663 815 -54 -442 144 313 -743 -13 -384 421 45 475 155 240 274 -198 588 476 -278 73 138 570 436 132 296 -59 7 741 245 -13 24 178 -284 -231 -485 -153 936 -589 126 -771 -339 -411 411 203 125 
-31 -117 -214 -492 -385 490 -737 -38 393 -1066 12 -143 -15 -604 -421 -278 -345 -529 -52 383 -24 283 423 124 -307 -319 -391 -462 -405 903 384 480 351 -955 481 163 -298 1440 -431 343 -840 -963 1033 422 162 -770 184 -1234 432 100 -283 -402 411 -427 233 220 -153 319 -134 244 -342 173 466 
-999 -151 -45 -904 -458 1017 26 611 -176 -576 -350 358 -860 656 -364 -237 51 117 -741 318 -467 -419 714 85 141 86 -596 552 485 292 -84 -93 215 -66 -481 98 -656 33 134 -578 -728 -264 229 -358 -1333 54 -823 187 558 -318 -283 -270 384 512 692 -41 683 85 387 -530 176 -83 -128 
-422 -316 -359 34 28 -496 98 618 885 413 -1091 25 310 262 -69 453 -264 524 -351 607 198 -1257 -605 518 -274 -696 -458 422 303 123 -335 636 18 145 -539 -377 154 30 -188 564 154 614 -103 203 -1283 420 -520 525 443 184 -187 -538 158 417 654 -151 -650 569 628 42 306 -12 -387 
-510 128 -251 -268 63 166 459 -235 -499 632 -473 219 108 684 100 -799 -389 -181 -536 222 324 -779 -835 -99 491 751 -172 -107 469 -1225 -616 1022 615 -61 -340 -828 -554 -567 436 -180 124 338 284 -78 -640 -83 46 829 380 164 -811 221 -320 55 -669 257 -176 -583 -493 -235 401 -343 -192 
1049 720 237 588 586 -530 -45 -1063 -384 -344 -181 -508 -136 -231 954 142 371 -766 434 430 -185 170 595 -409 756 897 226 554 238 1120 1203 -337 -148 305 -631 -234 -154 571 628 -765 -298 362 -100 30 236 4 293 -158 606 -121 227 896 182 266 -111 -334 293 31 450 -69 -1023 166 51 
500 1201 44 34 158 -33 -598 -1159 241 188 -759 623 610 583 -64 -602 532 105 1173 273 -1208 255 -267 703 1732 159 474 -436 -316 804 432 -730 237 62 -765 -135 -209 -237 -95 -457 -946 236 750 -11 222 712 -37 -527 -50 -65 396 1106 431 382 -247 -466 56 -262 318 -239 -461 97 -244 
-720 111 104 -534 -493 75 -612 -258 245 -778 -746 -318 415 285 13 -312 319 335 211 268 -91 271 -130 978 224 -255 -439 -380 -402 517 -752 -486 -175 91 -488 -615 -265 -247 284 202 -1014 -39 -508 5 318 -450 271 -744 -206 274 -468 -141 726 -21 -565 384 149 -79 -635 -139 -296 147 101 
-667 444 264 -99 667 701 -319 -431 174 -333 -694 55 1257 151 -497 -2 453 -46 19 -688 -688 -123 207 -245 162 -1269 -600 -596 337 419 -145 -47 1095 85 -884 556 389 232 -973 80 -306 -280 718 693 -231 311 -818 51 745 -137 24 -33 81 557 -46 -1546 -260 -773 -190 -552 -175 83 77 
782 420 -251 345 -421 622 -357 83 -448 114 -318 427 457 52 -635 639 -122 623 279 582 -217 437 -401 347 1 1034 300 -347 1225 -80 -13 194 764 -1162 -546 -63 -223 -127 -24 -538 206 -770 -553 -456 924 441 335 327 -175 -116 -250 597 -430 355 123 -168 939 -289 19 -99 231 335 361 
-104 713 504 -593 -46 -667 -328 -427 -184 -38 -354 923 -441 -763 -174 256 624 -362 910 -495 313 613 -338 -199 89 270 704 -94 -228 -99 442 -429 -337 -719 -17 694 683 -427 -284 155 -118 -298 -175 -445 490 -89 -216 -146 -145 178 307 -40 135 -291 135 -270 -123 290 720 506 -361 41 -464 
-38 21 152 114 650 110 30 -416 231 90 -40 -829 -459 284 -110 -833 666 507 139 -334 -965 -666 949 162 27 142 -184 354 -364 249 565 -372 -31 486 -14 -483 -13 -65 -419 -147 98 269 -588 371 -60 525 647 -276 307 -790 487 264 -104 773 -439 -130 -354 -630 -950 -746 -209 -48 246 
313 346 867 261 619 -468 -22 346 -990 -138 545 -349 -361 388 1154 -375 -436 -524 -565 -242 37 248 313 239 473 -86 594 -410 109 991 439 -734 36 564 -608 -122 -456 -390 353 -125 -940 215 660 340 -77 -762 -478 154 -152 -508 -537 479 -419 249 -200 334 785 -588 -209 -535 -277 -24 -45 
1147 447 -634 -639 -397 293 90 -185 -47 -993 -885 509 -79 -545 216 -704 32 -474 -96 -89 505 706 495 -443 -133 168 245 -494 -430 -140 356 1069 332 30 1099 -323 -354 -950 -379 54 138 -185 729 -718 183 184 452 -363 -100 -93 868 220 -34 -249 -107 -38 -400 1136 -78 572 653 -88 -9 
-156 -301 -317 714 -215 -191 446 785 -443 4 363 -510 435 279 -391 129 -809 50 800 -146 -109 739 -196 -725 1083 224 11 323 -148 349 749 -579 -940 -262 -36 276 73 736 342 -529 892 -282 28 292 346 -247 106 7 240 644 416 192 275 -300 -20 471 181 108 700 502 137 -32 277 
-347 102 436 218 -12 -837 767 -37 -733 -455 -303 44 -937 344 300 -13 152 -62 0 316 352 -161 -305 190 235 225 240 -1308 -625 77 372 -347 -600 165 -142 182 -953 -749 277 -273 -335 822 531 351 290 -575 -586 470 -442 110 -236 258 293 318 -487 732 -54 -182 -445 53 -841 -20 -248 
-646 -513 0 -331 -336 385 -36 -554 827 -93 -687 -590 599 283 -685 -1141 -143 311 -208 -129 -104 -727 -23 122 106 -237 -887 293 -274 -382 -377 -453 441 61 436 -204 -534 97 -604 167 -323 -21 -356 3 -122 63 87 286 414 233 -224 -380 -100 91 183 -688 252 -442 -1038 -777 551 -147 198 
411 498 -616 172 -434 805 375 317 892 -148 -175 1016 32 -403 166 253 -212 499 713 -550 -708 387 -198 -701 -160 -15 -16 -221 455 -263 795 -1006 117 -686 118 389 -304 111 -229 -693 265 -270 -734 -306 -214 -39 484 47 -313 -485 -212 218 986 595 229 314 -167 -64 555 822 41 -35 19 
-691 777 -132 -651 242 66 457 -848 300 -293 -858 -399 474 -172 -47 -223 428 341 580 -331 243 280 -674 -582 -863 383 -604 -1069 -120 -752 -767 -616 976 -395 -17 257 -326 17 -1064 -409 43 588 -503 202 541 -358 455 728 -382 485 -354 451 -670 -69 -400 -934 249 -480 -76 487 171 -126 124 
-803 -56 -227 1152 -37 187 295 888 -492 556 124 187 301 -264 -1069 169 -692 176 270 -596 304 180 -842 -741 109 -440 65 -63 135 -723 181 -261 -135 -62 684 1 494 -117 -351 495 -139 261 -135 1293 707 -782 -134 -449 -664 341 -419 519 82 -621 -201 645 -771 -25 604 670 642 -201 -316 
285 1085 -753 -326 -491 1034 86 -506 328 -721 -109 121 341 -590 77 276 299 -13 1014 -748 328 245 -106 647 285 -274 32 -1864 -502 -713 -473 -757 831 -453 -36 12 -335 -211 -968 -333 -361 -738 -56 -730 185 -591 -41 -139 -62 -901 -13 -225 331 460 -591 -241 -174 72 263 -60 -703 101 -295 
220 -477 173 -11 -285 -745 229 -60 -64 -577 103 -190 -698 42 282 -348 -348 -566 -198 415 808 181 102 -544 -153 256 118 575 -266 233 741 -13 -608 -131 526 370 -131 184 1148 -135 32 301 122 -477 -33 -320 162 -80 110 -146 18 183 176 -381 74 -7 652 201 394 -562 -39 -153 43 
-166 -853 -87 598 89 349 -31 1189 -14 -49 186 -1094 1 698 -76 -286 -133 83 -669 -386 144 -1143 220 1068 -410 -472 -783 -486 -246 82 143 539 186 565 64 -818 -195 81 -324 -123 242 157 596 979 -302 43 -321 23 57 -389 389 -128 -456 287 376 351 48 240 -103 -568 271 141 8 
-262 -353 845 263 247 874 536 470 -309 -797 127 215 -864 -311 201 -43 529 -646 -35 -534 -637 -283 -220 -288 -1118 -237 -516 -276 -125 -79 310 -277 12 605 429 -144 -105 505 -396 -765 -1290 430 511 1387 78 95 -177 -151 -520 129 -252 209 -27 -465 417 787 818 710 -23 825 -123 -162 -104 
44 135 -343 375 619 449 -129 55 645 -889 38 -1503 -215 -900 412 156 637 -298 56 -11 -192 -98 928 176 -258 -36 18 425 -604 1342 389 363 -282 -67 -602 337 -270 1502 -196 -477 707 281 -319 -847 -126 -32 532 -459 734 -171 520 -366 -157 366 99 -551 -259 467 442 -117 -244 226 -74 
-407 -354 676 398 297 417 404 -176 -235 -166 759 1159 -19 353 -254 18 193 -1473 -531 -184 699 202 -366 39 -93 -323 544 -627 735 -996 -22 478 379 687 585 517 -87 -565 429 340 -1344 -853 404 155 344 44 -143 -427 -295 98 276 -243 -149 -220 -114 131 139 -54 339 -19 -188 -188 -279 
787 -733 616 715 -115 198 -838 -204 -680 -179 -274 -237 173 435 234 -12 -302 -318 -293 -652 183 48 524 75 668 101 497 248 122 383 -656 -450 -271 692 -550 -87 394 -629 571 -128 2 -280 -39 -160 642 -283 -851 475 217 9 354 116 -180 -24 146 -5 874 -545 -207 -351 -54 -34 535 
-141 494 10 1006 -3 160 -91 -178 -55 1507 785 -895 -559 248 92 -212 -300 130 -209 -84 199 -1018 19 627 -87 -30 -193 58 -279 551 -49 532 -476 -593 -904 276 -113 791 427 -329 652 272 -319 -497 897 71 -327 377 -693 -111 188 -174 -1047 697 -396 -11 174 -1053 219 -668 -205 95 -135 
-306 -302 -166 -41 -670 -413 -344 -482 228 -124 -428 -217 -665 198 -805 -481 -226 107 -567 8 89 -745 820 483 605 113 -339 866 -322 414 390 719 -777 -263 15 -209 -81 -161 1070 -314 534 -181 -324 -860 11 772 205 -112 430 308 377 -915 460 279 10 525 -729 -188 -35 88 -235 -44 209 
492 123 130 672 601 16 4 -65 777 947 471 -998 379 -250 -192 351 -1129 450 -557 638 100 -146 381 346 178 -566 191 439 219 722 715 852 -230 -682 -600 127 -87 1030 428 691 840 397 1 -366 -785 55 273 -327 50 104 -120 -641 -730 531 163 -54 107 452 561 -222 239 66 300 
-686 -861 -18 162 -327 988 -292 737 -77 -687 -68 -716 -1259 -566 -392 -491 -135 -142 -158 -526 -523 -138 757 -388 48 288 -561 1546 16 901 589 558 -482 118 32 384 -55 243 267 26 664 -416 -180 -315 -481 144 -16 -637 654 75 161 -857 -131 -693 550 546 124 321 283 -92 1058 86 353 
-473 776 -992 -154 -942 948 -244 256 -390 -574 -465 642 -139 -312 -1082 -17 -811 18 610 -31 -31 422 618 -494 540 -508 72 -13 -680 681 -292 160 30 -815 315 758 217 534 -435 79 -2 -1102 427 -641 354 63 -138 -719 287 -335 747 490 553 -170 272 -534 -340 46 746 65 190 233 -230 
-796 495 125 860 925 -492 987 -398 96 446 -497 -515 59 -906 449 -519 462 298 -117 718 -459 -516 -589 -412 -248 962 -444 -644 215 -63 865 1283 13 -647 -963 -184 -686 722 -126 -1037 652 883 170 -859 361 126 23 448 220 771 7 437 -590 1185 -9 -478 -190 -212 433 602 -82 -216 152 
478 512 -271 531 48 62 88 -462 202 1380 -1 -129 279 -1021 -240 -158 -15 -420 904 164 -237 348 -543 2 -109 -255 682 -431 -519 -295 253 306 269 -1301 -111 169 623 417 -339 395 259 392 226 28 798 264 -377 179 -961 73 342 500 -1405 -51 112 93 -10 -66 159 183 -505 328 203 
-732 -232 199 -231 302 218 -171 212 -211 -209 381 1101 -400 282 -905 -73 998 -309 -673 -800 -884 470 334 -185 -100 -1031 826 179 200 -747 -840 -395 140 306 -16 1197 352 -550 -348 454 -735 -233 130 368 -852 321 -202 -373 -229 -428 520 -367 215 318 169 54 -340 -292 -18 -665 400 -262 -274 
151 412 -152 -148 -512 888 -40 -16 -190 -876 -320 104 620 -507 27 311 -168 -470 -85 -707 314 603 -25 -564 -208 -149 95 -868 -470 422 -445 439 -207 -298 110 257 98 -330 -507 171 799 -506 155 -462 436 -573 -36 -719 192 -332 648 -310 703 -40 -477 -416 19 220 -358 170 -240 -177 -49 
-309 -216 -291 -55 77 -171 330 -569 -112 502 644 7 -326 115 465 -866 -446 -236 -984 222 361 -779 -490 338 -537 669 363 90 339 -30 568 270 450 314 -169 85 -1195 -277 -159 132 666 889 255 -107 -1042 -410 465 -19 18 -508 -665 -337 -252 170 -226 125 147 -220 -115 -699 173 -37 -715 
-517 2 782 18 835 -596 422 -273 327 1119 89 333 464 363 318 -587 -107 -387 -1019 -219 253 -285 -324 -219 116 241 -138 220 863 -690 -464 635 403 498 -752 -203 -26 -126 499 291 -195 963 -74 30 -881 87 -553 941 539 93 -322 24 -762 414 214 -527 146 -539 -336 -394 475 -166 -353 
-427 -546 476 270 118 -70 282 1101 -347 428 376 -249 -712 679 -65 -185 504 -146 -325 -104 650 -643 505 -26 -862 541 162 536 520 126 475 -628 -159 -127 97 365 71 682 -177 -336 403 98 -167 1090 -173 389 -698 -15 -24 -349 825 660 -549 423 1316 390 570 -82 247 37 75 -28 300 
837 4 342 626 -122 -247 -226 604 29 1545 945 237 323 -283 738 444 -734 709 307 74 414 -45 -1014 196 -30 385 879 296 286 -182 -307 -403 -330 90 -227 -918 111 -4 335 -161 349 -4 -571 -960 -35 -268 -47 -281 -515 -359 -384 -122 -95 -212 -96 448 -173 62 -37 -288 401 162 -57 
-1458 -352 -706 -351 -740 17 374 577 -706 307 619 -357 -87 564 -654 15 545 235 158 -125 561 568 -57 390 -186 -1573 -4 308 -1085 -256 -900 -248 -553 236 527 -44 810 -633 -500 1110 -468 127 3 639 -28 -596 -1053 -862 -651 106 697 -710 711 -236 -1072 633 -960 858 -283 -639 398 134 -236 
1349 139 -380 -335 -461 -268 -519 -297 108 580 488 124 781 176 137 702 -90 -3 -85 646 376 -24 -794 1064 45 120 15 -128 -89 595 -376 450 174 -66 -78 -270 -25 -65 493 537 60 -711 -198 -101 1185 -86 247 608 -877 -30 63 -488 -376 69 39 47 694 825 -716 112 -815 97 -222 
-192 405 -228 394 4 1092 32 -59 -258 239 -446 376 228 -206 -58 -158 -139 23 -342 -120 -131 -523 -552 -2 -27 -163 -612 -570 264 -216 -122 695 -145 349 260 185 -514 -631 -414 -155 37 103 182 -547 822 -379 -80 -103 -504 314 185 476 -361 -30 207 -572 1038 -68 -9 -223 658 -367 -258 
-711 -1014 385 532 -771 668 -152 802 162 -419 265 111 273 -33 -572 97 64 -246 -565 -368 179 105 -115 752 -309 -1319 -324 -675 466 -778 -764 29 110 715 -103 372 48 -883 71 457 -1286 -943 38 73 -118 -517 -650 -458 -745 -212 235 -734 814 -56 -281 596 476 399 -21 -459 -418 -359 -158 
-740 279 -854 -146 241 -384 1018 -373 -76 487 -184 -920 -791 -729 398 108 449 654 577 642 -687 -518 -743 -4 239 1063 -321 33 -418 -450 119 981 -5 352 -415 -750 -947 -592 -374 -553 1142 760 -489 -1027 -350 -475 804 560 -106 -213 -281 -635 -470 353 -894 -121 -745 111 -522 196 76 -246 -747 
