64 64
-138 -181 310 -214 193 -797 34 287 -124 -70 706 -91 -69 177 -122 -380 745 667 -52 -302 -776 -287 -36 551 304 -282 10 507 -312 73 -192 -589 -117 599 -356 -264 -67 321 234 156 -412 64 -68 51 -156 -80 -502 103 -332 -415 -697 -148 158 -86 -323 -315 -120 97 318 134 -99 124 -134 23 
412 66 155 94 551 -446 243 -353 -249 -292 30 -326 49 210 139 -162 222 -244 110 -680 133 70 -31 675 -141 73 945 -190 -141 209 -128 -511 -61 -316 -542 126 680 105 -99 491 -50 124 -370 -113 -501 -269 -298 -43 -262 -7 -324 -517 -40 -6 181 264 385 -19 848 297 367 -220 234 96 
182 -72 -2 -60 270 149 361 -40 284 -77 -377 -244 -219 111 543 574 -370 302 28 85 401 713 382 119 -287 182 498 -484 -104 216 296 42 -297 -445 208 419 33 -736 -357 221 -326 64 214 215 -786 245 -21 54 -158 392 864 -440 140 -155 416 150 396 -651 -51 92 561 431 475 604 
307 272 6 146 672 -106 -42 -225 -252 -412 355 -623 -451 -183 66 -117 81 -68 118 151 420 258 155 157 684 350 766 -488 -533 547 414 50 -780 84 75 70 376 38 250 868 -538 -309 -141 148 -59 -280 -37 -314 -218 432 225 -241 -145 -558 177 381 577 -114 29 225 -400 503 256 64 
223 -113 -202 -19 -226 -220 -510 -650 11 202 -462 -19 389 335 -706 -4 -490 -237 -147 76 815 53 -54 -61 -601 133 -160 -813 406 -320 -482 -282 -99 -609 -79 301 260 -409 -141 425 701 283 222 -260 639 -234 299 340 -122 216 396 289 -125 -133 284 -678 -158 278 263 546 118 -448 84 -284 
-866 -353 -119 -254 -272 184 -299 279 300 -152 -207 63 211 442 43 -243 124 217 -423 -204 -263 155 448 -189 -588 -294 6 483 94 936 -417 -200 712 -264 -317 154 -667 179 -17 -541 -544 3 610 85 -482 176 -772 -220 253 -420 -132 -190 -112 253 189 85 -276 -278 -250 -619 369 302 -27 204 
80 269 306 392 498 -205 -446 338 -98 42 -68 -306 508 94 -435 -921 236 -37 -305 -214 68 -436 -408 -137 163 -114 204 388 -84 516 -119 -176 123 -263 -197 -148 -876 835 184 947 -81 256 28 -155 105 -764 -401 -350 67 -354 -516 104 -118 -262 102 -255 44 298 93 -272 505 310 -44 -307 
-621 -350 -195 -446 152 -342 -499 -571 -156 -222 457 113 -397 -295 -111 279 111 -74 371 186 333 -48 572 -296 -148 -237 -544 -299 0 788 175 249 -112 465 -313 319 -47 -463 759 -190 -760 291 514 34 109 -195 -67 15 -430 -268 -383 -241 -306 -489 222 -78 -238 120 155 52 -575 163 -304 -664 
-74 12 -242 240 -175 163 -696 -26 -51 -666 -49 30 62 -205 733 -327 85 -113 -1020 -264 -343 431 -171 41 -322 218 494 -86 -434 710 -247 649 162 127 126 -450 279 252 -341 -74 -140 -818 -30 281 -218 264 69 -941 319 -75 58 146 -66 373 -409 311 -36 -193 -419 -290 -646 247 152 222 
622 378 -554 145 90 449 546 278 396 358 -228 -95 -69 -231 -596 315 -170 224 703 363 -117 377 179 -267 461 -125 254 99 -127 -673 443 262 -651 -607 482 -290 97 578 -105 109 240 -350 -353 -56 -286 639 223 172 303 20 401 -304 -304 -146 366 113 422 298 -157 -91 110 145 -365 155 
416 -558 -636 527 -685 -895 -557 161 227 326 306 470 225 -506 151 567 29 477 614 -556 -288 -426 -543 321 -404 -168 -603 -420 113 -626 -173 -71 281 297 -127 -146 184 -54 239 -163 266 107 -200 -184 -476 121 428 -14 -207 -551 -509 166 69 -45 -256 -159 -218 39 637 -138 -62 -578 -340 -785 
-12 76 559 -95 31 532 -526 -126 119 139 -102 -455 515 512 -82 439 -188 292 -969 751 341 479 122 -255 -712 118 -216 -55 213 272 -542 406 432 -449 550 279 -581 -82 -349 37 178 982 15 -188 332 -239 157 314 -182 71 -23 -39 105 47 608 -918 -296 -255 -60 121 607 639 73 5 
482 787 330 -103 466 318 128 -14 16 3 -332 554 107 80 268 -537 161 -854 297 -175 -33 -353 -17 362 549 -761 -485 104 -95 -165 305 671 -327 67 -45 -980 238 602 218 38 197 -264 -85 -157 172 -91 -132 -207 236 -274 -331 -266 -332 -316 -11 -123 256 534 -41 555 -128 74 133 -289 
741 -32 -148 333 -111 18 173 519 257 -490 -13 -247 -345 -170 989 787 -378 -255 377 -133 28 285 773 713 172 13 226 -388 -166 125 -406 152 -129 -27 404 -181 443 103 -145 -469 510 45 309 -295 -963 816 -118 396 179 310 166 -336 -3 -92 398 564 87 -303 600 269 382 22 -27 427 
-210 -498 563 -498 -125 20 6 346 829 -50 -187 -355 399 791 -91 -216 -22 715 -179 5 294 224 119 178 -315 -353 -292 -286 157 -95 -301 -535 1029 -81 -555 174 -391 -229 -301 8 -160 617 81 -111 272 -850 -814 65 -226 112 -522 -98 -17 -500 346 -657 147 -407 -312 328 1046 493 821 54 
278 337 -67 217 -272 714 22 110 545 83 -168 -539 -29 88 -226 577 -140 371 486 -278 782 809 -71 -269 -174 -434 407 -312 25 315 601 280 572 -268 -142 537 -90 685 -45 -381 -523 -245 -204 141 -524 -51 -839 -718 181 65 71 -660 35 -638 839 146 718 -258 287 -715 824 713 33 -225 
66 -72 212 -499 104 191 4 70 525 408 -512 463 1009 -618 -84 334 -122 427 -231 441 -311 241 -227 -924 -460 299 -300 -130 706 -626 346 818 140 -58 283 -29 170 -727 -98 207 441 -238 -229 -37 426 -201 764 -63 -156 20 -33 78 -370 384 -208 -446 -155 -31 -1027 564 -95 -138 215 165 
5 433 817 304 445 -503 212 147 -617 112 360 177 125 643 -13 27 475 -110 150 -543 351 -103 -866 470 321 -650 -445 -16 476 -401 332 -442 -564 472 -304 -21 205 -130 519 482 104 120 -645 327 439 -612 -522 -161 -487 207 -302 -381 133 -319 -371 126 385 82 801 639 -83 -115 246 -313 
519 -750 -171 420 -732 -251 -61 -235 84 -313 164 -804 -284 250 472 114 -281 -22 -197 11 461 407 74 477 -97 272 262 -894 -474 -318 -293 -313 -160 -510 275 -694 597 -634 -225 598 646 182 -469 45 142 -94 168 152 100 842 377 96 -408 -291 -288 185 766 -268 -235 430 -540 224 1192 -198 
205 71 29 835 524 285 311 537 154 691 -48 256 542 171 89 992 -421 -185 769 -9 597 113 -274 -158 -287 148 -49 -175 615 -165 -94 53 -51 35 5 974 -382 -141 -126 271 583 573 71 -174 -445 -287 -59 -63 -336 232 413 -91 42 133 656 862 225 247 467 -425 784 -276 -131 53 
-235 250 -606 481 38 41 249 274 -388 260 -214 -117 235 -131 222 511 281 -288 798 121 521 -176 -432 -314 -173 561 -141 37 368 639 508 417 -312 -356 -179 577 -270 -668 349 571 -25 19 -368 -2 -354 -472 379 -556 -70 351 412 -69 -400 232 445 782 445 15 -203 -406 -11 -221 694 -144 
210 307 97 -132 -219 75 -425 137 99 -451 -62 220 -159 -184 524 340 -34 -456 -458 357 -311 -619 -218 350 277 -150 -450 -769 -241 14 -606 170 -35 -88 384 -641 235 -132 45 -198 -172 -537 -88 74 656 170 581 393 133 -76 306 233 330 118 -463 -169 -129 -553 -574 -24 -452 214 -224 124 
-388 -333 -491 -190 257 -203 -557 -782 -454 -375 53 -544 498 33 -525 -79 128 -426 -345 -84 -274 -344 414 -205 -553 161 -55 249 60 1040 -280 563 119 -544 293 -30 416 182 480 396 20 396 35 -102 -337 367 422 191 -291 -283 -737 -38 -860 174 380 -824 -415 -25 842 43 -61 -266 -277 -531 
-581 -820 -308 2 -113 -241 102 40 169 42 186 -341 268 308 -594 941 28 653 374 666 84 519 -184 -265 -306 118 -126 -88 -322 409 -339 85 102 -368 288 330 -463 -143 -52 687 -92 257 317 8 335 -104 -180 339 -882 86 273 -217 -562 -438 348 -182 -45 -396 -79 -351 199 406 106 -106 
292 453 -327 815 -478 390 -78 221 -663 57 -10 -536 159 318 -21 -290 -63 -157 183 680 272 173 -398 57 342 123 931 226 -108 181 229 226 -673 -916 255 -132 -227 1196 30 307 -122 -75 -657 -424 -25 -25 305 -491 11 -10 -310 -138 -583 -50 340 651 99 -157 419 -31 -90 295 -172 -523 
-207 201 -907 -173 5 -93 -48 422 -290 -203 139 -384 -77 649 399 109 306 697 18 63 -226 481 480 210 353 18 1550 388 -59 486 -94 -775 -570 -404 -231 637 107 -58 -104 36 -539 -430 -151 -154 -816 360 -294 -394 330 -22 173 131 -356 200 518 885 -21 151 153 -344 -268 -47 -131 648 
-603 -567 -491 322 -1082 -529 -622 -338 -417 -523 -47 -34 247 150 177 192 52 111 -330 -322 114 -449 -333 189 -207 -684 -988 -50 97 707 -733 215 589 -380 163 -282 -475 -235 195 63 273 655 161 -55 79 -532 115 -271 388 -352 -594 159 -298 -432 -130 -673 -504 -32 31 -561 -110 -295 23 -632 
586 218 72 73 176 37 161 -436 281 -52 313 -652 -275 176 -245 440 -339 -168 208 568 777 933 597 16 33 275 218 -852 -86 260 -256 -772 -551 100 -142 405 411 130 -142 18 410 -298 329 -165 697 258 -720 390 -30 577 677 -484 219 216 273 263 405 -117 599 466 -89 359 263 353 
-678 -405 539 -437 -584 -745 -705 -1 29 -1 92 370 -29 41 -47 -6 164 61 -737 -548 264 188 422 -350 -656 -131 231 90 477 -412 -168 -1000 76 237 -49 480 175 -777 300 -41 -227 -67 96 283 -170 184 -233 124 -174 284 642 492 334 359 -316 199 143 -11 122 -92 -645 -268 40 49 
-396 66 226 -659 186 47 537 -483 97 -494 -4 690 -141 377 -103 -252 177 -69 -194 -262 40 -344 418 672 90 227 -31 417 -508 -405 -957 -656 569 293 -548 -24 348 113 -479 -451 501 470 -454 -460 231 -555 4 -24 214 -257 -155 231 294 528 -373 -84 -329 539 -395 -46 -223 -696 251 256 
648 278 639 -429 1092 -245 520 -114 417 -52 -319 -148 -739 -807 -240 -127 -52 -434 712 -23 -11 -102 21 319 -69 110 346 -225 -277 -140 565 492 -186 226 -704 -197 -97 71 -336 218 -456 189 255 222 -127 26 87 406 41 -89 82 -447 203 -650 -6 286 80 673 39 339 132 263 -516 189 
-174 90 73 -355 411 45 758 -263 182 363 86 256 -149 -15 -732 74 -42 43 318 -453 -910 -226 587 548 -109 530 419 789 176 -149 -77 46 106 436 -599 270 485 485 112 -613 410 -76 240 -244 -847 573 -50 -151 105 -147 -471 -347 164 384 -247 479 -383 326 231 -217 -118 -809 -874 757 
27 -63 -548 -362 -739 -500 318 185 92 -159 -93 -235 -264 -310 -417 -42 -315 335 162 96 640 -61 268 -62 -317 -309 211 -422 -412 -260 73 -213 -58 -160 -203 921 -595 -587 -625 -282 82 -75 587 88 398 257 15 312 187 446 691 928 319 -223 308 -429 -162 1020 -433 -231 -69 -119 91 25 
334 287 -137 -250 709 899 118 -722 -180 -334 -778 75 533 157 314 194 -531 -1084 -213 -286 -14 -137 276 -88 -178 -176 523 -151 -240 152 -147 240 1053 -626 51 88 904 327 79 -658 473 -162 -134 -329 374 229 -112 484 629 -59 -820 -592 -314 234 290 353 342 -304 56 -381 258 -134 14 -7 
-92 -81 127 341 330 -1214 -468 -402 -6 244 168 -37 636 137 -466 -408 236 135 -165 -45 117 4 -176 86 -806 327 413 -127 -99 654 -624 -759 -629 -334 -490 558 -443 -323 129 929 -405 -101 -173 9 -600 -513 102 -178 -171 -459 -182 -487 -110 542 27 288 488 -198 333 -213 -411 293 420 -561 
113 237 472 172 690 299 -515 -400 -102 3 -703 397 959 245 863 333 -506 -220 -15 -315 829 255 483 -51 -739 359 -126 -532 226 627 -360 -94 4 -226 73 535 -292 -144 -159 300 322 665 860 -525 -239 -320 -262 529 -215 -84 527 -349 -132 342 282 -143 159 -63 338 50 1202 -218 560 -150 
499 -303 28 708 26 -848 98 632 -114 14 228 305 -225 -501 29 -236 108 547 330 -181 -96 21 184 334 599 -648 -233 -145 -170 368 208 -17 -1218 499 133 -668 -277 416 130 307 -126 -70 648 102 -65 191 -593 -114 39 183 -60 -685 484 -396 -58 282 97 218 -187 163 -716 781 -64 -155 
359 422 151 -587 -189 -47 -257 -602 -292 696 -627 66 541 355 -764 672 -164 116 -581 -183 426 465 -399 -518 -1327 -325 13 541 392 -403 -228 9 -44 -524 397 180 -477 -381 -315 -127 884 -61 -284 24 435 175 198 351 264 -65 534 -17 233 361 -69 -48 -348 332 -183 -406 -517 133 -416 -164 
-442 -951 -386 -140 -326 -718 205 154 245 -221 -20 535 -364 450 -168 75 -66 538 281 124 -267 128 -29 3 -246 -521 -520 -260 35 -479 -308 -727 -120 155 -518 -322 -50 -561 234 -78 117 194 -84 67 -543 75 283 256 -675 -522 -290 86 -322 -207 -259 -39 316 142 324 133 159 -744 -148 -285 
97 -21 -190 98 50 -188 -175 78 -266 -117 527 -315 162 -661 -578 -399 125 408 354 182 -657 -433 -296 -387 700 -422 152 595 -502 -614 41 -208 -285 475 226 86 -295 534 398 758 -25 -206 361 33 1047 -450 -299 404 15 -138 -430 295 -196 -173 -471 94 145 528 -479 -500 -319 45 -718 -335 
388 -221 -301 281 328 108 -445 -703 224 -446 -215 246 430 -950 -300 28 -545 -130 -119 -172 1086 694 -425 -485 -33 -2 507 -466 -156 75 -216 241 25 88 467 123 -377 70 -78 461 586 -312 591 -307 524 -965 -85 -658 133 -229 257 407 124 -594 139 -331 60 770 88 9 -350 15 -61 -791 
136 -240 -626 -18 -534 31 137 -288 308 -127 -511 105 -406 -220 67 141 -29 -5 645 -540 241 341 481 -284 -40 55 392 126 526 -717 693 -679 -9 -179 335 156 362 -942 55 -59 -169 249 162 -42 -556 -136 72 -246 485 235 402 -256 383 -222 276 535 926 -112 -264 -486 -103 -112 207 183 
442 434 -269 22 27 -111 655 295 -156 512 -967 494 389 -60 -277 112 -305 -772 760 -339 33 -965 -233 -447 0 -670 -194 -80 642 -498 -123 362 -429 -906 200 176 -277 -469 73 240 692 482 424 -323 318 -266 559 754 -90 54 -696 -166 -446 -394 356 -664 -509 181 -242 256 532 -538 -692 -179 
67 818 92 1045 -797 -85 -316 367 -28 268 322 20 -93 -171 395 -479 386 -136 -265 301 -412 -422 -1127 120 516 529 -340 515 -526 650 100 385 306 614 5 -235 -857 646 -257 16 -844 -622 115 40 52 -322 -283 -409 59 -254 -239 496 524 241 -39 -269 -107 -485 -247 -619 -259 73 169 -249 
158 -563 346 -200 120 -861 42 1149 516 -206 -264 42 -67 487 -346 -610 -216 896 165 375 14 -475 1022 159 626 -345 -381 292 6 9 -302 -796 -473 355 -318 -142 -644 -206 -134 635 -298 569 375 360 -251 -345 -522 287 116 -106 254 159 77 -350 113 8 -191 206 -756 245 387 146 283 420 
694 132 358 322 -297 -407 42 -27 -54 523 185 332 62 286 352 -241 -158 -17 124 -913 508 163 4 144 -66 -761 427 -275 -50 -248 714 490 -520 -87 -55 -332 -221 493 -90 48 -135 177 -271 255 -1383 -243 190 -943 129 -615 166 -674 206 -492 58 255 616 255 335 51 402 513 -62 -429 
-218 -64 -22 207 73 -394 -549 -190 535 -316 -306 463 -285 350 -10 -332 -490 37 -372 -407 327 408 452 487 -162 -304 -1 106 362 -59 -296 -239 17 -77 347 -341 -150 -532 -432 -160 -328 122 529 80 -398 927 -273 505 352 2 40 -135 -212 -307 9 -12 -274 67 293 588 215 300 -23 -92 
816 903 278 143 -476 482 -50 -29 -354 34 -228 -376 -598 -22 331 230 196 -210 369 -188 458 -160 -290 582 261 676 367 -308 19 -370 493 54 324 -533 -391 -68 385 -241 -95 -87 -288 -25 -174 51 -82 -462 -36 -163 306 233 -94 -233 -34 -418 107 -160 372 -22 161 596 129 -428 507 129 
-23 420 -29 36 133 285 228 -303 341 701 -788 737 39 -237 -421 190 -351 -425 213 -262 760 -113 89 259 290 -329 -249 100 120 -746 36 379 151 -123 519 201 -455 413 -523 12 363 277 896 -238 -323 562 26 404 -1 278 323 433 131 -141 256 -508 -545 354 416 29 375 -352 -526 -30 
-71 -373 173 -350 46 -159 -300 -1228 -312 143 453 -150 323 -185 40 138 -111 -34 -58 -122 138 280 436 -397 -1021 31 769 -345 -620 141 67 56 494 -343 73 433 802 -483 -202 684 -690 922 -328 -74 -321 -48 167 -148 -801 -115 172 25 -292 -478 401 -181 272 327 277 -239 -420 278 -177 -5 
-16 37 473 -229 839 -594 29 -707 -182 128 462 -975 389 -234 401 34 -238 288 -254 -46 -261 -350 -98 -227 -332 171 180 -350 189 863 880 -177 -912 80 -82 195 -396 -818 818 1164 -562 -148 254 625 -382 -405 396 -136 -633 -448 911 264 -98 133 -719 -367 122 3 -192 -166 125 304 364 -105 
-235 -597 467 -67 184 -505 -707 818 218 -143 298 -178 -17 140 -179 331 364 636 -432 -9 -423 230 217 1023 -156 522 -84 -372 -580 -450 -711 -192 -485 619 254 -353 298 10 5 235 156 -149 236 -131 249 169 33 167 -738 545 -117 17 -240 59 -538 -286 130 -593 198 667 -484 130 393 -129 
5 -409 202 -424 -243 -455 556 16 322 389 -139 219 -277 631 -300 -187 190 45 430 -619 -154 192 511 -66 -331 -354 -320 -266 163 -256 -327 -493 -202 -208 -1157 -625 320 -758 35 -294 -58 223 102 73 -80 -304 -603 -228 -30 -240 -305 -582 -219 329 -15 156 342 171 -321 -43 -16 225 655 39 
-114 195 -223 -611 520 285 -972 265 469 -70 588 116 -379 185 213 -171 -92 -327 -332 216 -158 7 816 -163 -100 -777 -391 -600 128 594 97 279 -34 -47 -209 -347 -266 208 -48 -537 -527 -157 564 20 799 -71 -129 168 163 -718 240 -22 32 -219 -11 -61 -424 -3 -256 89 -262 716 -484 201 
-529 -757 -329 -480 248 98 -96 23 353 146 -100 130 389 76 -793 -735 93 -508 -227 214 -404 -573 170 -361 -496 23 -48 -21 -8 -343 -128 -385 997 368 -30 151 -167 -157 -406 74 187 24 312 66 770 143 -235 664 328 -265 127 756 -358 -88 156 -539 -76 805 -880 -258 -476 -362 142 343 
158 258 829 53 48 430 412 1171 13 -172 -123 108 -157 -122 773 403 -319 -27 567 86 318 -573 -38 105 201 -759 -593 231 435 -551 213 -310 -234 745 155 -22 -934 252 -1 -883 200 48 153 167 -226 619 -233 563 101 259 202 -287 294 215 140 744 -119 -569 141 -48 114 466 -107 -294 
37 317 -625 -311 243 722 729 910 764 -240 -241 -498 -291 276 271 192 308 527 191 180 -748 -426 360 726 553 -85 1097 219 -374 273 205 -455 -12 -930 41 -114 -106 90 -295 -150 -631 -43 -351 -27 43 -58 -365 -158 486 -19 -228 -166 74 -329 84 111 132 -257 -285 -43 523 414 162 595 
149 308 21 345 -21 1 321 556 -13 678 -127 381 47 512 -28 -856 -234 131 343 605 -139 -589 -811 169 342 358 -163 -495 146 -968 628 -265 -321 101 -363 -209 -207 162 -266 481 -38 -390 -340 -4 337 -605 30 -279 -25 519 -3 104 357 -469 -384 599 275 -223 -607 943 25 -26 179 231 
-100 -60 210 87 165 -342 281 -240 -415 -944 -164 -550 -24 -607 500 -814 451 -532 -626 358 -367 137 305 -10 87 176 190 -189 -568 902 303 437 107 -204 355 -212 -304 -130 148 453 -474 191 632 -31 -25 -371 484 -270 208 -207 -603 -241 131 37 -32 -606 20 -10 -376 -282 130 69 200 31 
34 -123 72 118 -379 -501 -212 -464 -263 628 131 54 -72 101 -258 -177 363 266 558 -2 -171 -414 119 117 -666 -146 -104 366 219 -319 93 -505 -499 -320 -400 20 180 -154 -120 325 449 941 48 -162 -128 -123 -194 21 -375 -429 -285 -433 -802 -211 48 -446 -19 561 251 168 30 -257 -402 -294 
306 -56 683 197 24 -454 -187 -58 -437 479 93 85 -171 249 -501 237 -80 -162 -25 -3 800 -42 -328 -253 243 -270 486 -105 460 -178 773 -141 117 -72 -70 156 -135 -295 368 309 213 842 143 -322 32 -487 -256 -4 -138 228 -384 118 151 -1155 212 -266 353 75 548 311 408 430 -341 -225 
-318 27 84 -56 -8 36 36 212 -80 -59 633 -249 180 711 -538 -675 682 401 -232 434 -205 138 -241 -402 925 620 -155 476 -452 -319 -224 -393 3 653 104 -230 335 135 442 -322 -212 -357 -221 44 1206 66 -452 416 -160 283 -462 46 -214 369 -246 -374 -524 -410 -123 452 -428 317 82 34 
656 -187 -460 388 280 185 -223 1300 418 -313 65 -146 165 107 291 -483 657 385 -8 -594 -245 127 -286 491 -53 -186 131 -823 351 87 -807 -46 -279 -311 -286 -574 -257 490 -174 434 -201 -304 -386 -127 -542 -148 -243 -618 -417 -241 -550 -435 -182 -596 154 -11 268 -90 186 119 400 626 -142 -209 
-190 148 55 449 -19 -578 30 -99 -204 -1 215 -395 -101 583 -516 -128 203 462 -592 95 -237 100 144 598 -477 -58 341 -169 -309 -40 -644 -699 65 46 -62 632 8 -15 -677 -2 125 527 -71 40 -394 297 372 362 -211 73 187 522 290 145 764 -589 -454 321 355 -361 314 -291 -487 511 
